1 0.5240384615384616 0.2403846153846154 0.125 0.09134615384615384
1 0.6442307692307693 0.20192307692307693 0.13942307692307693 0.1346153846153846
1 0.47475961538461536 0.6658653846153846 0.13221153846153846 0.1346153846153846
1 0.609375 0.6153846153846154 0.0889423076923077 0.1346153846153846
1 0.7608173076923077 0.4855769230769231 0.13221153846153846 0.0673076923076923
1 0.7764423076923077 0.5649038461538461 0.17307692307692307 0.08173076923076923
2 0.296875 0.8461538461538461 0.30528846153846156 0.2644230769230769
2 0.7896634615384616 0.6983173076923077 0.2764423076923077 0.18028846153846154
2 0.8413461538461539 0.8653846153846154 0.30288461538461536 0.1875
0 0.41225961538461536 0.1201923076923077 0.10817307692307693 0.12980769230769232
0 0.5540865384615384 0.06610576923076923 0.10336538461538461 0.12740384615384615