1 0.21995192307692307 0.18028846153846154 0.05048076923076923 0.16826923076923078
1 0.28966346153846156 0.1814903846153846 0.06971153846153846 0.17548076923076922
1 0.29927884615384615 0.41346153846153844 0.24759615384615385 0.11538461538461539
1 0.3918269230769231 0.5769230769230769 0.07211538461538461 0.16826923076923078
1 0.5132211538461539 0.6009615384615384 0.04567307692307692 0.14903846153846154
0 0.8028846153846154 0.5649038461538461 0.10096153846153846 0.10096153846153846
0 0.1935096153846154 0.6081730769230769 0.055288461538461536 0.14423076923076922
0 0.27524038461538464 0.5769230769230769 0.055288461538461536 0.14423076923076922
0 0.3293269230769231 0.6394230769230769 0.052884615384615384 0.13942307692307693
0 0.2091346153846154 0.7632211538461539 0.10576923076923077 0.17067307692307693
0 0.39903846153846156 0.921875 0.12980769230769232 0.06490384615384616