1 0.21634615384615385 0.14302884615384615 0.15384615384615385 0.10336538461538461
1 0.22956730769230768 0.23918269230769232 0.16105769230769232 0.0889423076923077
1 0.24759615384615385 0.33052884615384615 0.15384615384615385 0.0889423076923077
1 0.2668269230769231 0.41947115384615385 0.17307692307692307 0.08413461538461539
1 0.28725961538461536 0.5096153846153846 0.17548076923076922 0.08653846153846154
1 0.3016826923076923 0.5985576923076923 0.17067307692307693 0.08173076923076923
1 0.31971153846153844 0.6887019230769231 0.16346153846153846 0.07451923076923077
1 0.32091346153846156 0.7740384615384616 0.15625 0.10096153846153846
1 0.3485576923076923 0.8810096153846154 0.15865384615384615 0.0985576923076923
0 0.06610576923076923 0.24639423076923078 0.0985576923076923 0.11778846153846154
0 0.4411057692307692 0.46634615384615385 0.11778846153846154 0.10096153846153846
0 0.5132211538461539 0.6574519230769231 0.1466346153846154 0.10336538461538461
0 0.5 0.7560096153846154 0.12980769230769232 0.08413461538461539
0 0.6442307692307693 0.4254807692307692 0.07211538461538461 0.07211538461538461
0 0.7019230769230769 0.7067307692307693 0.16826923076923078 0.10576923076923077
0 0.8052884615384616 0.8641826923076923 0.0625 0.13701923076923078
0 0.7307692307692307 0.7788461538461539 0.13942307692307693 0.07692307692307693
0 0.8581730769230769 0.057692307692307696 0.08653846153846154 0.11538461538461539
1 0.4723557692307692 0.0829326923076923 0.3389423076923077 0.0985576923076923